1282429
1263762
1263741
1263603
1263737
1263048
1263021
1263022
1263312
1229903
1282467
1263387
1263751
1229878
1263747
1263636
1263757
1262978
1262967
1263657
1262991
1263330
1263335
1263005
1262998
1282449
1263000
1263607
1282479
1263746
1282463
1263371
1263589
1263749
1262979
1282469
1263345
1282455
1262977
1229918
1263032
1262989
1263621
1263373
1282471
1229919
1263370
1263610
1263039
1263395
1263008
1263337
1263001
1263047
1263310
1282433
1229896
1262988
1282477
1262969
1263739
1282470
1263311
1262995
1263319
1263366
1282434
1282438
1263027
1229876
1229869
1282457
1263601
1263748
1263043
1263595
1263666
1263644
1263030
1229920
1263352
1263639
1229916
1282425
1263738
1263054
1263734
1263596
1263331
1262970
1262972
1262982
1263641
1229885
1263663
1263006
1263358
1282486
1263051
1229877
1282468
1282440
1263622
1263033
1263584
1263353
1263760
1263743
1263742
1263750
1263365
1263658
1282488
1263357
1262973
1229889
1229917
1263361
1263756
1263670
1263306
1229944
1263752
1263382
1282466
1282478
1229886
1229940
1282473
1263394
1263618
1263744
1263322
1263664
1263758
1263651
1263740
1263036
1263348
1262974
1263375
1263023
1263364
1263055
1262984
1262990
1262981
1263057
1263649
1263342
1263735
1263759
1263753
1229933
1263388
1263628
1263761
1263638
1263667
1263656
1263659
1229946
1282472
1263013
1229952
1263640
1263333
1262975
1263309
1263755
1263745
1263389
1282439
1263020
1263320
1282484
1263328
1282446
1229883
1229884
1229899
1263009
1263317
1282481
1263019
1229905
1229948
1263025
1263378
1282460
1263368
1263028
1262980
1282475
1282423
1263648
1263599
1263369
1263360
1263383
1263615
1229912
1229913
1229872
1263325
1263598
1263611
1263646
1263046
1263604
1263034
1263374
1263608
1263668
1263614
1229954
1263633
1282476
1263041
1263037
1263044
1263617
1263583
1229925
1262993
1263362
1263379
1229890
1263647
1229911
1282492
1263053
1229924
1229892
1229897
1263042
1263017
1229901
1263661
1229881
1229937
1229922
1262968
1229939
1263315
1282459
1229874
1282448
1229941
1263626
1263003
1263643
1263600
1229949
1282424
1263593
1229945
1263586
1263329
1263336
1282451
1263380
1263327
1229871
1229931
1263587
1229955
1229907
1229900
1262994
1263347
1229936
1229904
1229873
1263582
1229923
1229887
1229866
1229893
1229956
1263018
1263349
1263052
1262999
1262976
1262985
1229906
1263654
1229935
1229930
1229947
1282442
1263016
1263616
1263024
1263050
1263056
1229909
1263326
1263632
1263321
1263384
1282456
1263363
1263343
1263376
1282427
1263338
1263367
1263340
1229915
1282494
1282474
1263652
1229943
1229934
1282435
1229921
1263010
1263350
1263307
1263339
1229891
1229870
1282430
1282489
1262996
1263671
1263344
1263635
1282441
1229951
1229898
1263308
1263634
1229927
1229888
1263385
1263590
1282422
1229914
1229928
1263655
1263316
1229895
1229950
1229879
1263392
1263669
1263323
1262992
1263355
1263045
1263754
1282431
1263665
1263606
1263324
1263314
1262971
1263619
1262986
1229882
1263334
1229902
1229868
1282426
1262997
1282491
1263396
1263354
1263585
1263012
1263007
1263625
1263650
1282487
1263346
1263605
1263031
1263637
1229910
1263620
1263040
1263672
1229926
1229953
1263332
1263014
1263736
1262987
1263004
1263026
1263612
1263341
1263038
1263623
1263313
1263597
1263391
1229908
1263359
1229938
1263356
1263011
1263624
1229942
1282458
1229875
1263372
1229867
1229932
1263029
1263642
1263609
1263002
1263015
1282444
1282454
1263660
1229929
1229894
1263591
1263602
1282453
1263393
1263035
1229880
1262983
1263390
1263594
1263318
1263377
1282443
1263381
1263631
1282483
1282465
1263613
1282445
1282482
1263592
1282464
1282437
1282462
1282485
1282428
1263630
1263653
1263629
1263386
1282461
1282436
1282490
1282452
1282493
1263662
1263763
1231375
1263058
1263397
1263673
1282495
1282480
1282450
1263645
1263588
1282447
1263351
1282432
1263627